1.5	0.050	0.230
1.5	0.055	0.240
1.5	0.060	0.249
1.5	0.070	0.266
1.5	0.080	0.282
1.5	0.090	0.292
1.5	0.10	0.307
1.5	0.12	0.328
1.5	0.14	0.344
1.5	0.16	0.356
1.5	0.18	0.367
1.5	0.20	0.375
1.5	0.22	0.381
1.5	0.24	0.386
1.5	0.26	0.390
1.5	0.28	0.393
1.5	0.30	0.396
1.5	0.35	0.400
1.5	0.40	0.402
1.5	0.45	0.404
1.5	0.50	0.405
1.5	0.60	0.405
1.5	0.70	0.405
1.5	0.80	0.405
2	0.20	0.424
2	0.22	0.441
2	0.24	0.457
2	0.26	0.472
2	0.28	0.485
2	0.30	0.498
2	0.35	0.527
2	0.40	0.552
2	0.45	0.573
2	0.50	0.591
2	0.55	0.606
2	0.60	0.619
2	0.65	0.630
2	0.70	0.639
2	0.75	0.647
2	0.80	0.654
2	0.85	0.660
2	0.90	0.665
2	0.95	0.669
2	1.0	0.673
2	1.2	0.682
2	1.4	0.688
2	1.6	0.690
2	1.8	0.692
2	2.0	0.692
2	2.5	0.693
2	3.0	0.693
2.5	0.3	0.502
2.5	0.35	0.535
2.5	0.40	0.564
2.5	0.45	0.591
2.5	0.50	0.616
2.5	0.55	0.638
2.5	0.60	0.659
2.5	0.70	0.696
2.5	0.80	0.728
2.5	0.90	0.755
2.5	1.0	0.778
2.5	1.2	0.815
2.5	1.4	0.842
2.5	1.6	0.861
2.5	1.8	0.876
2.5	2.0	0.887
2.5	2.2	0.895
2.5	2.4	0.900
2.5	2.6	0.905
2.5	2.8	0.908
2.5	3.0	0.910
2.5	3.5	0.913
2.5	4.0	0.915
2.5	4.5	0.916
2.5	5.0	0.916
2.5	5.5	0.916
2.5	6.0	0.916
3	0.50	0.617
3	0.55	0.640
3	0.60	0.662
3	0.70	0.702
3	0.80	0.738
3	0.90	0.770
3	1.0	0.799
3	1.2	0.850
3	1.4	0.892
3	1.6	0.927
3	1.8	0.955
3	2.0	0.980
3	2.2	1.000
3	2.4	1.016
3	2.6	1.030
3	2.8	1
3	3.0	1.051
3	3.5	1.069
3	4.0	1.080
3	4.5	1.087
3	5.0	1.091
3	5.5	1.094
3	6.0	1.096
3	6.5	1.097
3	7.0	1.097
3	8.0	1.098
3	10.0	1.099
3.5	0.50	0.620
3.5	0.60	0.665
3.5	0.70	0.705
3.5	0.80	0.741
3.5	0.90	0.774
3.5	1.0	0.804
3.5	1.2	0.858
3.5	1.4	0.904
3.5	1.6	0.945
3.5	1.8	0.981
3.5	2.0	1.013
3.5	2.2	1.041
3.5	2.4	1.065
3.5	2.6	1.087
3.5	2.8	1.106
3.5	3.0	1.123
3.5	3.5	1.153
3.5	4.0	1.183
3.5	5.0	1.225
3.5	6.0	1.232
3.5	7.0	1.242
3.5	8.0	1.247
3.5	9.0	1.250
3.5	10.0	1.251
3.5	12.0	1.252
3.5	14.0	1.253
3.5	16.0	1.253
4	1.0	0.802
4	1.2	0.857
4	1.4	0.905
4	1.6	0.947
4	1.8	0.986
4	2.0	1.020
4	2.2	1.052
4	2.4	1.080
4	2.6	1.106
4	2.8	1.130
4	3.0	1.152
4	3.4	1.190
4	3.8	1.232
4	4.5	1.266
4	5.0	1.290
4	5.5	1.309
4	6.0	1.325
4	7.0	1.347
4	8.0	1.361
4	9.0	1.370
4	10	1.376
4	12.0	1.382
4	14.0	1.385
4	16.0	1.386
4	18.0	1.386
6	4.0	1.275
6	4.5	1.320
6	5	1.361
6	5.5	1.396
6	6.0	1.432
6	6.5	1.462
6	7.0	1.490
6	7.5	1.516
6	8.0	1.539
6	8.5	1.561
6	9.0	1.580
6	10.0	1.615
6	12.0	1.667
6	14.0	1.704
6	16.0	1.730
6	18.0	1.749
6	20.0	1.762
6	22	1.771
6	24.0	1.777
6	26.0	1.781
6	28.0	1.784
6	30.0	1.787
6	35.0	1.789
6	40.0	1.791
6	50.0	1.792
8	7.0	1.499
8	7.5	1.527
8	8.0	1.554
8	8.5	1.580
8	9.0	1.604
8	9.5	1.627
8	10.0	1.648
8	12.0	1.724
8	14.0	1.786
8	16.0	1.837
8	18.0	1.879
8	20.0	1.914
8	22.0	1.943
8	24.0	1.967
8	26.0	1.986
8	28.0	2.002
8	30.0	2.016
8	35.0	2.040
8	40.0	2.055
8	45.0	2.064
8	50.0	2.07
8	60.0	2.076
8	70.0	2.078
8	80.0	2.079
10	20.0	1.960
10	22.0	2.003
10	24.0	2.043
10	26.0	2.080
10	28.0	2.114
10	30.0	2.146
10	35.0	2.218
10	40.0	2.279
10	45.0	2.332
10	50.0	2.379
10	60.0	2.455
10	70.0	2.513
10	80.0	2.558
10	90.0	2.592
10	100.0	2.619
10	120.0	2.655
10	140.0	2.677
10	160.0	2.689
10	180.0	2.697
10	200.0	2.701
10	220.0	2.704
10	240.0	2.706
10	260.0	2.707
10	280.0	2.707
10	300.0	2.708
20	30.0	2.148
20	35.0	2.219
20	40.0	2.282
20	45.0	2.338
20	50.0	2.388
20	60.0	2.475
20	70.0	2.547
20	80.0	2.609
20	90.0	2.658
20	100.0	2.707
20	105.0	2.728
20	110.0	2.747
20	115.0	2.764
20	120.0	2.781
20	125.0	2.796
20	130.0	2.810
20	135.0	2.823
20	140.0	2.835
20	145.0	2.846
20	150.0	2.857
20	160	2.876
20	180.0	2.906
20	200.0	2.929
20	240.0	2.958
20	280.0	2.975
20	300.0	2.980
20	400.0	2.992
20	500.0	2.995
25	50.0	2.389
25	55.0	2.434
25	60.0	2.476
25	65.0	2.514
25	70.0	2.550
25	75.0	2.583
25	80.0	2.614
25	85.0	2.643
25	90.0	2.671
25	95.0	2.697
25	100.0	2.721
25	120.0	2.807
25	140.0	2.878
25	160.0	2.936
25	180.0	2.984
25	200.0	3.024
25	220.0	3.057
25	240.0	3.085
25	260.0	3.107
25	280.0	3.126
25	300.0	3.142
25	350.0	3.171
25	400.0	3.189
25	450.0	3.200
25	500.0	3.207
25	600.0	3.214
25	700.0	3.217
25	800.0	3.218
25	900.0	3.219
30	70.0	2.551
30	80.0	2.615
30	90.0	2.672
30	100.0	2.723
30	120	2.812
30	140.0	2.886
30	160.0	2.950
30	165.0	2.965
30	170.0	2.979
30	175.0	2.992
30	180	3.006
30	200.0	3.054
30	250.0	3.150
30	300.0	3.219
30	350.0	3.269
30	400.0	3.306
30	450.0	3.332
30	500.0	3.351
30	600.0	3.375
30	700.0	3.387
30	800.0	3.394
30	900.0	3.397
30	1000.0	3.399
30	1200.0	3.401
30	1400.0	3.401
35	120.00	2.813
35	140.00	2.888
35	160.00	2.953
35	180.00	3.011
35	200.00	3.063
35	220.00	3.109
35	240.00	3.152
35	260.00	3.191
35	280.00	3.226
35	300.00	3.259
35	350.00	3.331
35	400.00	3.391
35	450.00	3.440
35	500.00	3.482
35	550.00	3.516
35	600.00	3.545
35	650.00	3.568
35	700.00	3.588
35	800.00	3.619
35	900.00	3.640
35	1000.00	3.655
35	1200.00	3.672
35	1400.00	3.681
35	1600.00	3.685
35	1800.00	3.687
35	2000.00	3.688
35	2500.00	3.689
40	120.00	2.813
40	140.00	2.888
40	160.00	2.953
40	180.00	3.011
40	200.00	3.063
40	220.00	3.109
40	240.00	3.152
40	260.00	3.191
40	280.00	3.226
40	300.00	3.259
40	350.00	3.331
40	400.00	3.391
40	450.00	3.440
40	500.00	3.482
40	550.00	3.516
40	600.00	3.545
40	650.00	3.568
40	700.00	3.588
40	800.00	3.619
40	900.00	3.640
40	1000.00	3.655
40	1200.00	3.672
40	1400.00	3.681
40	1600.00	3.685
40	1800.00	3.687
40	2000.00	3.688
40	2500.00	3.689
50	200.00	3.064
50	220.00	3.111
50	240.00	3.154
50	260.00	3.193
50	280.00	3.229
50	300.00	3.263
50	350.00	3.339
50	400.00	3.405
50	450.00	3.461
50	500.00	3.512
50	550.00	3.556
50	600.00	3.595
50	650.00	3.630
50	700.00	3.661
50	750.00	3.688
50	800.00	3.713
50	850.00	3.735
50	900.00	3.754
50	950.00	3.771
50	1000.00	3.787
50	1200.00	3.833
50	1400.00	3.862
50	1600.00	3.881
50	1800.00	3.892
50	2000.00	3.900
50	2200.00	3.904
50	2400.00	3.907
50	2600.00	3.909
50	2800.00	3.910
60	300.00	3.257
60	400.00	3.401
60	500.00	3.512
60	600.00	3.602
60	700.00	3.676
60	800.00	3.739
60	900.00	3.792
60	1000.00	3.832
60	1200.00	3.908
60	1400.00	3.959
60	1600.00	3.996
60	1800.00	4.023
60	2000.00	4.043
60	2500.00	4.071
60	3000.00	4.084
60	3500.00	4.090
60	4000.00	4.092
60	4500.00	4.093
60	5000.00	4.094
60	5500.00	4.094
70	500.00	3.512
70	600.00	3.603
70	700.00	3.680
70	800.00	3.746
70	900.00	3.803
70	1000.00	3.854
70	1200.00	3.937
70	1400.00	4.003
70	1600.00	4.054
70	1800.00	4.095
70	2000.00	4.127
70	2500.00	4.181
70	3000.00	4.211
70	3500.00	4.228
70	4000.00	4.237
70	4500.00	4.242
70	5000.00	4.245
70	5500.00	4.247
70	6000.00	4.247
70	6500.00	4.248
70	7000.00	4.248
70	7500.00	4.248
70	8000.00	4.248
80	600.00	3.603
80	700.00	3.680
80	800.00	3.747
80	900.00	3.805
80	1000.00	3.857
80	1200.00	3.946
80	1400.00	4.019
80	1500.00	4.051
80	1600.00	4.080
80	1800.00	4.130
80	2000.00	4.171
80	2500.00	4.248
80	3000.00	4.297
80	3500.00	4.328
80	4000.00	4.347
80	4500.00	4.360
80	5000.00	4.368
80	6000.00	4.376
80	7000.00	4.380
80	8000.00	4.381
80	9000.00	4.382
80	10000.00	4.382
80	11000.00	4.382
90	800.00	3.747
90	900.00	3.806
90	1000.00	3.858
90	1200.00	3.949
90	1300.00	3.988
90	1400.00	4.025
90	1500.00	4.058
90	1800.00	4.144
90	2000.00	4.192
90	2500.00	4.285
90	3000.00	4.349
90	3500.00	4.394
90	4000.00	4.426
90	4500.00	4.446
90	5000.00	4.464
90	6000.00	4.482
90	7000.00	4.491
90	8000.00	4.496
90	9000.00	4.498
90	10000.00	4.499
90	11000.00	4.499
90	12000.00	4.500
90	14000.00	4.500
100	1000	3.859
100	1200	3.949
100	1400	4.026
100	1600	4.092
100	1800	4.150
100	2000	4.200
100	2500	4.303
100	3000	4.379
100	3500	4.434
100	4000	4.478
100	4500	4.510
100	5000	4.534
100	5500	4.552
100	6000	4.565
100	6500	4.579
100	7000	4.583
100	7500	4.588
100	8000	4.593
100	9000	4.598
100	10000	4.601
100	12500	4.604
100	15000	4.605
200	1500	4.061
200	2000	4.205
200	2500	4.317
200	3000	4.498
200	3500	4.485
200	4000	4.552
200	5000	4.663
200	6000	4.754
200	7000	4.829
200	8000	4.834
200	9000	4.949
200	10000	4.996
200	12000	5.072
200	14000	5.129
200	16000	5.171
200	18000	5.203
200	20000	5.227
200	25000	5.264
200	30000	5.282
200	35000	5.29
200	40000	5.294
